0.000000000000E+00,9.917635E-06,1.275125E-05,8.810757E-02,-1.976230E-03,1.019570E-02
1.220703125000E-04,-1.416805E-06,-2.833610E-06,9.342059E-02,-1.368159E-03,1.099017E-02
2.441406250000E-04,-1.416805E-06,1.700166E-05,9.002616E-02,-7.600886E-03,7.282643E-03
3.662109375000E-04,0.000000E+00,9.917635E-06,8.235180E-02,-1.064124E-02,4.237174E-03
4.882812500000E-04,1.841847E-05,1.133444E-05,9.312542E-02,-4.256496E-03,6.223349E-03
6.103515625000E-04,0.000000E+00,5.242179E-05,9.046891E-02,3.344390E-03,1.416805E-02
7.324218750000E-04,1.983527E-05,4.250415E-05,8.958340E-02,-6.384744E-03,7.812290E-03
8.544921875000E-04,-2.408569E-05,5.667220E-06,8.353247E-02,-5.320620E-03,4.766821E-03
9.765625000000E-04,-3.967054E-05,5.383859E-05,8.751723E-02,-2.280266E-03,7.679878E-03
1.098632812500E-03,1.275125E-05,1.558486E-05,8.958340E-02,-1.003317E-02,6.355761E-03
1.220703125000E-03,1.133444E-05,1.416805E-06,8.530347E-02,-1.003317E-02,6.752996E-03
1.342773437500E-03,1.983527E-05,2.266888E-05,8.471314E-02,-7.600886E-03,1.403564E-02
1.464843750000E-03,-5.667220E-06,-2.125208E-05,8.545106E-02,-7.296850E-03,4.237174E-03
1.586914062500E-03,7.084025E-06,-1.700166E-05,8.751723E-02,-4.560532E-03,8.209525E-03
1.708984375000E-03,2.408569E-05,1.983527E-05,8.338489E-02,-4.560532E-03,1.165223E-02
1.831054687500E-03,1.416805E-05,-2.550249E-05,9.046891E-02,-3.040354E-03,6.885408E-03
1.953125000000E-03,-4.250415E-06,4.250415E-06,8.441797E-02,-8.360974E-03,1.324117E-02
2.075195312500E-03,2.266888E-05,2.833610E-06,9.415851E-02,-8.969045E-03,1.218188E-02
2.197265625000E-03,-1.558486E-05,8.500831E-06,8.736965E-02,-1.140133E-02,7.812290E-03
2.319335937500E-03,8.500831E-06,-3.258651E-05,8.914065E-02,-1.003317E-02,3.707527E-03
2.441406250000E-03,-2.833610E-06,2.125208E-05,9.135441E-02,-6.688780E-03,6.752996E-03
2.563476562500E-03,-1.416805E-06,4.250415E-05,8.102354E-02,-1.216142E-02,7.679878E-03
2.685546875000E-03,2.125208E-05,0.000000E+00,8.692690E-02,-1.261747E-02,1.390323E-02
2.807617187500E-03,-2.691930E-05,7.084025E-06,8.574623E-02,-1.489774E-02,7.150231E-03
2.929687500000E-03,8.500831E-06,1.558486E-05,9.150200E-02,-1.079326E-02,6.223349E-03
3.051757812500E-03,9.917635E-06,1.558486E-05,8.958340E-02,-1.231343E-02,7.679878E-03
3.173828125000E-03,4.250415E-06,-9.917635E-06,8.471314E-02,-1.459370E-02,1.416805E-02
3.295898437500E-03,1.133444E-05,0.000000E+00,8.633656E-02,-1.428967E-02,9.533642E-03
3.417968750000E-03,-1.841847E-05,1.841847E-05,8.500831E-02,-1.003317E-02,6.620585E-03
3.540039062500E-03,1.841847E-05,6.375623E-05,8.486072E-02,-1.155335E-02,8.474348E-03
3.662109375000E-03,1.416805E-05,1.841847E-05,8.899307E-02,-9.729134E-03,1.165223E-02
3.784179687500E-03,-2.408569E-05,1.983527E-05,8.692690E-02,-3.040354E-03,1.403564E-02
3.906250000000E-03,-2.550249E-05,1.416805E-06,8.235180E-02,-8.512992E-03,1.734593E-02
4.028320312500E-03,1.416805E-06,2.833610E-06,8.471314E-02,-5.168602E-03,1.562458E-02
4.150390625000E-03,1.558486E-05,5.667220E-06,8.220422E-02,-3.040354E-04,1.218188E-02
4.272460937500E-03,8.500831E-06,-7.084025E-06,8.677931E-02,-5.624656E-03,1.509493E-02
4.394531250000E-03,-2.833610E-06,-1.133444E-05,7.925253E-02,-9.121063E-03,1.681628E-02
4.516601562500E-03,-9.917635E-06,-1.841847E-05,8.766481E-02,-1.565783E-02,1.231429E-02
4.638671875000E-03,9.917635E-06,2.691930E-05,8.648414E-02,-1.520177E-02,1.151982E-02
4.760742187500E-03,1.983527E-05,-5.667220E-06,7.674361E-02,-7.144833E-03,1.747834E-02
4.882812500000E-03,-8.500831E-06,-1.416805E-06,7.571052E-02,-1.885020E-02,1.390323E-02
5.004882812500E-03,-2.550249E-05,-1.133444E-05,7.733394E-02,-1.231343E-02,1.218188E-02
5.126953125000E-03,-4.250415E-06,-1.416805E-06,8.279455E-02,-5.928691E-03,2.105346E-02
5.249023437500E-03,9.917635E-06,1.983527E-05,8.176146E-02,-9.577116E-03,1.628664E-02
5.371093750000E-03,-7.084025E-06,-1.558486E-05,8.072837E-02,-1.094528E-02,2.065622E-02
5.493164062500E-03,2.975291E-05,-2.833610E-06,8.087596E-02,-9.881152E-03,1.403564E-02
5.615234375000E-03,1.700166E-05,2.833610E-06,8.574623E-02,-1.550581E-02,7.282643E-03
5.737304687500E-03,-1.416805E-06,-1.416805E-06,8.751723E-02,-8.817027E-03,1.099017E-02
5.859375000000E-03,2.125208E-05,7.084025E-06,8.205663E-02,-1.428967E-02,8.739172E-03
5.981445312500E-03,-2.833610E-06,-7.084025E-06,8.146629E-02,-7.752904E-03,8.209525E-03
6.103515625000E-03,1.133444E-05,-1.416805E-06,7.748153E-02,-1.064124E-03,9.136407E-03
6.225585937500E-03,7.084025E-06,-1.133444E-05,8.235180E-02,-9.729134E-03,3.575116E-03
6.347656250000E-03,3.116971E-05,-2.975291E-05,8.397522E-02,-8.056939E-03,3.707527E-03
6.469726562500E-03,-1.700166E-05,-2.408569E-05,8.441797E-02,-1.520177E-03,3.575116E-03
6.591796875000E-03,-1.700166E-05,-3.683693E-05,8.220422E-02,-9.273081E-03,7.944701E-03
6.713867187500E-03,1.983527E-05,5.667220E-06,8.427039E-02,-1.641791E-02,5.958526E-03
6.835937500000E-03,3.258651E-05,1.416805E-05,8.249938E-02,-1.033720E-02,9.136407E-03
6.958007812500E-03,-1.133444E-05,-2.691930E-05,8.899307E-02,-1.398563E-02,1.072535E-02
7.080078125000E-03,1.416805E-06,-3.400332E-05,8.308972E-02,-1.474572E-02,9.268818E-03
7.202148437500E-03,8.500831E-06,-3.825374E-05,7.585811E-02,-1.444168E-02,9.268818E-03
7.324218750000E-03,-2.550249E-05,-2.125208E-05,8.486072E-02,-8.360974E-03,8.209525E-03
7.446289062500E-03,-5.667220E-06,1.416805E-05,8.810757E-02,-1.155335E-02,4.501997E-03
7.568359375000E-03,-1.275125E-05,-3.542013E-05,8.943582E-02,-1.064124E-02,4.237174E-03
7.690429687500E-03,-2.125208E-05,-5.808901E-05,8.840273E-02,-6.232726E-03,-1.986175E-03
7.812500000000E-03,0.000000E+00,-2.833610E-06,7.925253E-02,-1.276949E-02,-1.059294E-03
7.934570312500E-03,-8.500831E-06,2.833610E-06,8.131871E-02,-1.033720E-02,3.442704E-03
8.056640625000E-03,-4.250415E-06,-3.967054E-05,8.795998E-02,-9.425098E-03,6.090938E-03
8.178710937500E-03,3.542013E-05,-2.975291E-05,8.264697E-02,-4.864567E-03,1.986175E-03
8.300781250000E-03,-2.408569E-05,8.500831E-06,9.283025E-02,-5.624656E-03,2.780645E-03
8.422851562500E-03,1.416805E-06,-1.983527E-05,9.032132E-02,-4.864567E-03,9.268818E-04
8.544921875000E-03,-1.133444E-05,-1.983527E-05,8.899307E-02,-8.817027E-03,2.648234E-04
8.666992187500E-03,-7.084025E-06,-1.416805E-05,9.327301E-02,-9.273081E-03,3.310292E-03
8.789062500000E-03,-9.917635E-06,-7.084025E-06,9.430609E-02,-1.428967E-02,2.648234E-04
8.911132812500E-03,-4.250415E-06,7.084025E-06,8.368005E-02,-1.444168E-02,2.250999E-03
9.033203125000E-03,-2.833610E-06,-2.408569E-05,7.807186E-02,-1.170536E-02,2.648234E-03
9.155273437500E-03,1.416805E-06,-1.700166E-05,8.146629E-02,-1.398563E-02,7.415054E-03
9.277343750000E-03,-2.833610E-06,1.841847E-05,8.338489E-02,-1.231343E-02,6.355761E-03
9.399414062500E-03,-2.691930E-05,-3.683693E-05,7.880978E-02,-1.292151E-02,2.118587E-03
9.521484375000E-03,-1.700166E-05,-1.841847E-05,7.172576E-02,-1.672195E-02,5.296468E-04
9.643554687500E-03,-1.133444E-05,5.667220E-06,7.615327E-02,-1.580984E-02,-3.972351E-04
9.765625000000E-03,-1.416805E-06,1.416805E-05,7.836703E-02,-1.565783E-02,6.620585E-04
9.887695312500E-03,-4.250415E-06,-1.700166E-05,8.500831E-02,-9.577116E-03,7.150231E-03
1.000976562500E-02,1.983527E-05,4.250415E-06,7.866220E-02,-8.360974E-03,1.059294E-03
1.013183593750E-02,1.841847E-05,4.250415E-06,7.216851E-02,-1.307352E-02,6.885408E-03
1.025390625000E-02,-2.833610E-06,-1.133444E-05,8.087596E-02,-1.292151E-02,3.177881E-03
1.037597656250E-02,-1.416805E-06,-2.266888E-05,7.541536E-02,-1.003317E-02,5.164056E-03
1.049804687500E-02,-1.558486E-05,-2.691930E-05,7.482502E-02,-1.170536E-02,3.045469E-03
1.062011718750E-02,-4.250415E-06,-4.250415E-06,7.895737E-02,-5.016585E-03,2.250999E-03
1.074218750000E-02,4.250415E-06,-5.100498E-05,7.895737E-02,-7.600886E-03,1.588940E-03
1.086425781250E-02,8.500831E-06,-1.133444E-05,7.748153E-02,-1.124931E-02,1.324117E-04
1.098632812500E-02,-3.825374E-05,-3.967054E-05,7.526777E-02,-1.276949E-02,4.237174E-03
1.110839843750E-02,2.833610E-06,-2.125208E-05,7.615327E-02,-1.428967E-02,5.164056E-03
1.123046875000E-02,-2.833610E-06,-3.258651E-05,7.940012E-02,-8.056939E-03,6.488173E-03
1.135253906250E-02,1.558486E-05,1.558486E-05,7.866220E-02,-8.512992E-03,5.693702E-03
1.147460937500E-02,0.000000E+00,-2.691930E-05,8.338489E-02,-6.688780E-03,7.944701E-04
1.159667968750E-02,-8.500831E-06,0.000000E+00,7.969528E-02,-5.472638E-03,4.501997E-03
1.171875000000E-02,-8.500831E-06,1.558486E-05,7.792428E-02,-1.504975E-02,8.341936E-03
1.184082031250E-02,1.841847E-05,4.250415E-06,8.279455E-02,-1.900221E-02,3.839939E-03
1.196289062500E-02,-1.558486E-05,-7.084025E-06,7.925253E-02,-1.413765E-02,-1.324117E-03
1.208496093750E-02,-1.558486E-05,-1.558486E-05,8.884548E-02,-9.729134E-03,-9.268818E-04
1.220703125000E-02,1.416805E-05,5.667220E-06,8.279455E-02,-6.080708E-03,5.031644E-03
1.232910156250E-02,-1.416805E-05,5.667220E-06,8.530347E-02,-1.170536E-02,2.648234E-04
1.245117187500E-02,1.275125E-05,-1.558486E-05,8.486072E-02,-1.261747E-02,1.059294E-03
1.257324218750E-02,-8.500831E-06,-6.233942E-05,8.722206E-02,-1.565783E-02,-1.059294E-03
1.269531250000E-02,-2.975291E-05,-2.125208E-05,8.441797E-02,-2.310669E-02,-3.442704E-03
1.281738281250E-02,-1.416805E-05,1.700166E-05,8.677931E-02,-1.900221E-02,2.515822E-03
1.293945312500E-02,-5.667220E-06,4.250415E-06,8.914065E-02,-1.596186E-02,-3.575116E-03
1.306152343750E-02,-1.983527E-05,-2.550249E-05,8.707448E-02,-1.885020E-02,2.118587E-03
1.318359375000E-02,1.416805E-06,9.917635E-06,8.633656E-02,-2.325871E-02,2.648234E-04
1.330566406250E-02,-1.416805E-06,-1.416805E-06,8.810757E-02,-2.477889E-02,-2.648234E-03
1.342773437500E-02,-3.967054E-05,-2.125208E-05,8.677931E-02,-1.778607E-02,-1.059294E-03
