0.000000000000E+00,3.258651E-05,1.558486E-05,2.014520E-01,2.634467E-01,5.230262E-02
1.220703125000E-04,4.250415E-06,9.917635E-06,1.982051E-01,2.702875E-01,5.746667E-02
2.441406250000E-04,-1.983527E-05,2.691930E-05,1.968769E-01,2.666391E-01,6.302796E-02
3.662109375000E-04,-1.700166E-05,3.116971E-05,1.986479E-01,2.683113E-01,6.210108E-02
4.882812500000E-04,-8.500831E-06,3.967054E-05,1.973196E-01,2.721117E-01,5.667220E-02
6.103515625000E-04,-2.550249E-05,1.275125E-05,1.927445E-01,2.702875E-01,5.640738E-02
7.324218750000E-04,1.133444E-05,-2.833610E-06,1.996810E-01,2.669431E-01,5.495085E-02
8.544921875000E-04,2.125208E-05,1.133444E-05,1.955486E-01,2.733279E-01,5.667220E-02
9.765625000000E-04,-2.125208E-05,2.975291E-05,2.015996E-01,2.759122E-01,5.839356E-02
1.098632812500E-03,-1.416805E-05,-4.250415E-06,1.998286E-01,2.733279E-01,4.978679E-02
1.220703125000E-03,-1.416805E-06,1.700166E-05,1.986479E-01,2.740879E-01,5.389156E-02
1.342773437500E-03,3.683693E-05,1.558486E-05,2.058795E-01,2.687673E-01,6.249832E-02
1.464843750000E-03,-1.133444E-05,0.000000E+00,2.048464E-01,2.693754E-01,5.442121E-02
1.586914062500E-03,2.691930E-05,-8.500831E-06,1.993858E-01,2.788005E-01,5.362673E-02
1.708984375000E-03,1.983527E-05,2.833610E-06,2.082408E-01,2.760642E-01,5.230262E-02
1.831054687500E-03,2.266888E-05,1.841847E-05,2.005665E-01,2.795606E-01,5.190538E-02
1.953125000000E-03,2.408569E-05,5.667220E-06,2.057319E-01,2.757601E-01,4.925715E-02
2.075195312500E-03,-4.392096E-05,8.500831E-06,2.029278E-01,2.690714E-01,5.561291E-02
2.197265625000E-03,4.250415E-06,-2.691930E-05,2.120780E-01,2.698314E-01,5.455362E-02
2.319335937500E-03,-9.917635E-06,-8.500831E-06,2.080933E-01,2.711996E-01,5.349432E-02
2.441406250000E-03,-2.691930E-05,-1.416805E-06,2.095691E-01,2.701355E-01,5.402397E-02
2.563476562500E-03,-2.833610E-06,-2.408569E-05,2.150297E-01,2.711996E-01,5.150815E-02
2.685546875000E-03,-4.250415E-06,-7.084025E-06,2.126683E-01,2.740879E-01,5.614256E-02
2.807617187500E-03,-1.133444E-05,-1.841847E-05,2.181289E-01,2.677032E-01,5.375915E-02
2.929687500000E-03,-9.917635E-06,2.266888E-05,2.108973E-01,2.737839E-01,5.217021E-02
3.051757812500E-03,2.266888E-05,2.550249E-05,2.072078E-01,2.687673E-01,5.839356E-02
3.173828125000E-03,7.084025E-06,-3.400332E-05,2.125208E-01,2.651189E-01,5.071368E-02
3.295898437500E-03,-4.250415E-06,-2.833610E-06,2.153249E-01,2.696794E-01,5.508326E-02
3.417968750000E-03,2.266888E-05,-1.416805E-06,2.103070E-01,2.683113E-01,5.773150E-02
3.540039062500E-03,-1.416805E-06,4.250415E-06,2.139966E-01,2.748480E-01,5.495085E-02
3.662109375000E-03,8.500831E-06,1.416805E-06,2.092739E-01,2.701355E-01,5.428879E-02
3.784179687500E-03,4.250415E-06,2.125208E-05,2.101594E-01,2.680072E-01,4.713856E-02
3.906250000000E-03,1.416805E-05,8.500831E-06,2.103070E-01,2.683113E-01,4.965438E-02
4.028320312500E-03,-9.917635E-06,1.416805E-05,2.092739E-01,2.681592E-01,4.991921E-02
4.150390625000E-03,1.558486E-05,6.092262E-05,2.108973E-01,2.751521E-01,5.667220E-02
4.272460937500E-03,-8.500831E-06,1.700166E-05,2.166531E-01,2.716556E-01,5.746667E-02
4.394531250000E-03,-1.133444E-05,-2.266888E-05,2.191620E-01,2.652709E-01,5.534809E-02
4.516601562500E-03,-2.975291E-05,-2.550249E-05,2.169483E-01,2.736319E-01,5.839356E-02
4.638671875000E-03,-1.416805E-05,1.416805E-05,2.132587E-01,2.705915E-01,5.627497E-02
4.760742187500E-03,2.125208E-05,-1.416805E-05,2.176862E-01,2.708956E-01,5.561291E-02
4.882812500000E-03,2.691930E-05,3.967054E-05,2.207855E-01,2.739359E-01,5.203779E-02
5.004882812500E-03,0.000000E+00,9.917635E-06,2.163579E-01,2.731758E-01,5.336191E-02
5.126953125000E-03,4.250415E-06,-9.917635E-06,2.210806E-01,2.730238E-01,5.614256E-02
5.249023437500E-03,1.700166E-05,1.275125E-05,2.246226E-01,2.777364E-01,6.011491E-02
5.371093750000E-03,1.275125E-05,0.000000E+00,2.215234E-01,2.715037E-01,5.653979E-02
5.493164062500E-03,5.667220E-06,4.533776E-05,2.265412E-01,2.718077E-01,5.005162E-02
5.615234375000E-03,4.250415E-06,-2.266888E-05,2.241799E-01,2.721117E-01,5.336191E-02
5.737304687500E-03,-4.108735E-05,-2.550249E-05,2.255082E-01,2.724158E-01,5.071368E-02
5.859375000000E-03,5.667220E-06,1.983527E-05,2.238847E-01,2.713516E-01,5.799632E-02
5.981445312500E-03,0.000000E+00,-4.250415E-06,2.148821E-01,2.652709E-01,5.468603E-02
6.103515625000E-03,-4.392096E-05,-9.917635E-06,2.266888E-01,2.734799E-01,4.991921E-02
6.225585937500E-03,-1.416805E-06,0.000000E+00,2.222613E-01,2.716556E-01,5.680462E-02
6.347656250000E-03,-2.266888E-05,1.416805E-06,2.234420E-01,2.728718E-01,4.925715E-02
6.469726562500E-03,2.266888E-05,-1.558486E-05,2.229992E-01,2.639028E-01,5.402397E-02
6.591796875000E-03,4.250415E-06,8.500831E-06,2.252130E-01,2.696794E-01,5.839356E-02
6.713867187500E-03,-1.416805E-05,4.533776E-05,2.219661E-01,2.710476E-01,5.971767E-02
6.835937500000E-03,-1.416805E-05,3.400332E-05,2.238847E-01,2.708956E-01,5.322950E-02
6.958007812500E-03,1.275125E-05,1.841847E-05,2.269840E-01,2.740879E-01,5.826114E-02
7.080078125000E-03,5.242179E-05,-7.084025E-06,2.300832E-01,2.736319E-01,5.918803E-02
7.202148437500E-03,2.266888E-05,5.667220E-06,2.303784E-01,2.804727E-01,5.097850E-02
7.324218750000E-03,4.250415E-06,0.000000E+00,2.309687E-01,2.753041E-01,5.058127E-02
7.446289062500E-03,-1.416805E-05,-1.841847E-05,2.382004E-01,2.722637E-01,4.965438E-02
7.568359375000E-03,1.416805E-06,2.266888E-05,2.435134E-01,2.756081E-01,5.071368E-02
7.690429687500E-03,1.558486E-05,5.100498E-05,2.348059E-01,2.736319E-01,5.058127E-02
7.812500000000E-03,4.675457E-05,2.408569E-05,2.380528E-01,2.748480E-01,4.952197E-02
7.934570312500E-03,-4.250415E-06,8.500831E-06,2.361342E-01,2.639028E-01,5.217021E-02
8.056640625000E-03,-1.275125E-05,2.550249E-05,2.349535E-01,2.734799E-01,5.932043E-02
8.178710937500E-03,1.416805E-05,2.833610E-05,2.427755E-01,2.737839E-01,5.852597E-02
8.300781250000E-03,-2.550249E-05,2.833610E-06,2.374624E-01,2.718077E-01,4.912474E-02
8.422851562500E-03,-9.917635E-06,5.667220E-06,2.389383E-01,2.701355E-01,5.375915E-02
8.544921875000E-03,3.258651E-05,4.250415E-06,2.312639E-01,2.626866E-01,5.018403E-02
8.666992187500E-03,-5.808901E-05,-2.125208E-05,2.339204E-01,2.614705E-01,4.846268E-02
8.789062500000E-03,-2.550249E-05,1.133444E-05,2.339204E-01,2.693754E-01,4.806544E-02
8.911132812500E-03,2.125208E-05,1.275125E-05,2.368721E-01,2.681592E-01,4.912474E-02
9.033203125000E-03,1.416805E-06,-1.841847E-05,2.349535E-01,2.646628E-01,5.177297E-02
9.155273437500E-03,-9.917635E-06,1.416805E-06,2.327398E-01,2.734799E-01,5.203779E-02
9.277343750000E-03,-1.700166E-05,1.983527E-05,2.377576E-01,2.737839E-01,5.124332E-02
9.399414062500E-03,4.250415E-06,4.250415E-06,2.355438E-01,2.745440E-01,4.872750E-02
9.521484375000E-03,-1.841847E-05,2.550249E-05,2.393810E-01,2.759122E-01,5.124332E-02
9.643554687500E-03,-1.416805E-05,-1.416805E-06,2.359866E-01,2.754561E-01,4.965438E-02
9.765625000000E-03,-2.975291E-05,-1.558486E-05,2.365769E-01,2.734799E-01,5.150815E-02
9.887695312500E-03,1.416805E-05,1.416805E-05,2.412996E-01,2.743920E-01,5.190538E-02
1.000976562500E-02,-1.841847E-05,1.416805E-06,2.362818E-01,2.737839E-01,5.243503E-02
1.013183593750E-02,-2.975291E-05,2.833610E-06,2.340680E-01,2.740879E-01,5.243503E-02
1.025390625000E-02,-2.550249E-05,1.841847E-05,2.286074E-01,2.763682E-01,4.740338E-02
1.037597656250E-02,-5.667220E-06,0.000000E+00,2.315591E-01,2.692234E-01,5.521568E-02
1.049804687500E-02,2.550249E-05,-1.133444E-05,2.312639E-01,2.768243E-01,5.693703E-02
1.062011718750E-02,-2.833610E-06,-3.683693E-05,2.269840E-01,2.781924E-01,4.819785E-02
1.074218750000E-02,1.275125E-05,-8.500831E-06,2.333301E-01,2.774323E-01,5.044885E-02
1.086425781250E-02,-2.975291E-05,1.841847E-05,2.309687E-01,2.756081E-01,5.044885E-02
1.098632812500E-02,2.833610E-06,-4.250415E-06,2.367245E-01,2.746960E-01,5.203779E-02
1.110839843750E-02,-7.084025E-06,2.125208E-05,2.314115E-01,2.750001E-01,5.269985E-02
1.123046875000E-02,1.700166E-05,2.266888E-05,2.330349E-01,2.771283E-01,4.541721E-02
1.135253906250E-02,1.416805E-05,4.675457E-05,2.387907E-01,2.711996E-01,5.322950E-02
1.147460937500E-02,1.558486E-05,5.667220E-06,2.373149E-01,2.815368E-01,4.991921E-02
1.159667968750E-02,2.408569E-05,1.275125E-05,2.441037E-01,2.845772E-01,5.150815E-02
1.171875000000E-02,-1.416805E-05,5.667220E-06,2.368721E-01,2.809287E-01,5.759909E-02
1.184082031250E-02,1.983527E-05,3.825374E-05,2.320018E-01,2.836651E-01,5.985008E-02
1.196289062500E-02,8.500831E-06,-1.416805E-06,2.426279E-01,2.813848E-01,5.958526E-02
1.208496093750E-02,-1.133444E-05,-2.833610E-06,2.458747E-01,2.891377E-01,5.653979E-02
1.220703125000E-02,-2.550249E-05,5.667220E-06,2.458747E-01,2.838171E-01,5.455362E-02
1.232910156250E-02,-3.967054E-05,2.833610E-06,2.476457E-01,2.807767E-01,5.177297E-02
1.245117187500E-02,-2.691930E-05,8.500831E-06,2.433658E-01,2.818409E-01,5.389156E-02
1.257324218750E-02,-5.383859E-05,0.000000E+00,2.411520E-01,2.775843E-01,4.554962E-02
1.269531250000E-02,2.833610E-06,2.833610E-05,2.442513E-01,2.772803E-01,4.965438E-02
1.281738281250E-02,-1.700166E-05,-2.833610E-06,2.505974E-01,2.737839E-01,5.402397E-02
1.293945312500E-02,-1.133444E-05,2.125208E-05,2.494167E-01,2.800166E-01,5.601015E-02
1.306152343750E-02,-1.841847E-05,1.275125E-05,2.517781E-01,2.824489E-01,5.799632E-02
1.318359375000E-02,-2.833610E-05,2.833610E-05,2.584193E-01,2.800166E-01,5.322950E-02
1.330566406250E-02,-1.558486E-05,2.266888E-05,2.541394E-01,2.766722E-01,5.349432E-02
1.342773437500E-02,-1.700166E-05,0.000000E+00,2.556153E-01,2.731758E-01,4.594686E-02
