0.000000000000E+00,-8.500831E-06,1.416805E-06,-1.254463E-02,-7.600886E-04,-5.680462E-02
1.220703125000E-04,1.841847E-05,-1.416805E-06,-1.505355E-02,-2.280266E-03,-5.879079E-02
2.441406250000E-04,3.542013E-05,1.416805E-05,-6.346106E-03,-6.232726E-03,-6.541137E-02
3.662109375000E-04,-1.841847E-05,-7.084025E-06,7.379194E-04,6.840797E-03,-6.395485E-02
4.882812500000E-04,0.000000E+00,0.000000E+00,-5.903355E-03,6.992815E-03,-6.064455E-02
6.103515625000E-04,3.542013E-05,4.108735E-05,-1.475839E-04,2.584301E-03,-5.865838E-02
7.324218750000E-04,-7.084025E-06,-1.841847E-05,-4.870268E-03,1.687397E-02,-5.614256E-02
8.544921875000E-04,-1.983527E-05,-2.833610E-06,-4.870268E-03,1.109729E-02,-5.150815E-02
9.765625000000E-04,-2.691930E-05,1.983527E-05,-4.870268E-03,-1.520177E-04,-5.217021E-02
1.098632812500E-03,1.558486E-05,5.667220E-06,4.132348E-03,1.656993E-02,-5.918803E-02
1.220703125000E-03,1.700166E-05,3.400332E-05,1.033087E-03,1.626590E-02,-5.442121E-02
1.342773437500E-03,-4.250415E-06,-1.416805E-06,6.198522E-03,-3.192372E-03,-5.336191E-02
1.464843750000E-03,-6.517303E-05,7.084025E-06,6.788858E-03,1.839414E-02,-5.243503E-02
1.586914062500E-03,7.084025E-06,-1.558486E-05,5.755771E-03,1.565783E-02,-5.097850E-02
1.708984375000E-03,9.917635E-06,4.250415E-06,1.210188E-02,1.824213E-03,-4.660891E-02
1.831054687500E-03,3.116971E-05,2.975291E-05,8.855032E-03,1.611388E-02,-4.700615E-02
1.953125000000E-03,4.250415E-05,-2.125208E-05,1.918590E-03,2.493091E-02,-4.382827E-02
2.075195312500E-03,1.700166E-05,2.691930E-05,9.150200E-03,7.752904E-03,-4.369586E-02
2.197265625000E-03,2.833610E-05,1.983527E-05,1.652939E-02,1.930625E-02,-4.184210E-02
2.319335937500E-03,-2.408569E-05,-2.833610E-05,1.785765E-02,2.341073E-02,-4.131245E-02
2.441406250000E-03,1.558486E-05,2.833610E-06,1.490597E-02,1.428967E-02,-4.528480E-02
2.563476562500E-03,-5.667220E-06,-2.833610E-06,2.317067E-02,2.265064E-02,-4.038557E-02
2.685546875000E-03,5.667220E-06,-1.416805E-06,1.505355E-02,3.329188E-02,-4.290139E-02
2.807617187500E-03,1.416805E-06,1.275125E-05,1.830040E-02,3.101161E-02,-4.091521E-02
2.929687500000E-03,3.683693E-05,-7.084025E-06,2.036657E-02,2.857933E-02,-4.356344E-02
3.051757812500E-03,5.525540E-05,9.917635E-06,2.169483E-02,2.873135E-02,-4.078280E-02
3.173828125000E-03,-2.550249E-05,1.983527E-05,2.981194E-02,2.097845E-02,-3.734010E-02
3.295898437500E-03,5.667220E-06,2.691930E-05,2.892644E-02,3.101161E-02,-3.932627E-02
3.417968750000E-03,1.841847E-05,5.667220E-06,3.586288E-02,2.873135E-02,-3.416222E-02
3.540039062500E-03,1.416805E-06,1.416805E-05,2.907402E-02,2.113046E-02,-3.667804E-02
3.662109375000E-03,2.833610E-06,1.983527E-05,3.232087E-02,1.991432E-02,-3.667804E-02
3.784179687500E-03,-2.833610E-06,1.558486E-05,3.158295E-02,2.234660E-02,-3.124916E-02
3.906250000000E-03,1.841847E-05,4.250415E-06,3.689597E-02,1.368159E-02,-3.297051E-02
4.028320312500E-03,-4.250415E-06,1.416805E-06,3.851939E-02,2.234660E-02,-3.270569E-02
4.150390625000E-03,-1.275125E-05,-5.667220E-06,4.147107E-02,2.280266E-02,-3.018986E-02
4.272460937500E-03,-2.125208E-05,2.833610E-05,4.294690E-02,1.702598E-02,-3.720769E-02
4.394531250000E-03,-7.084025E-06,4.108735E-05,4.560341E-02,3.177170E-02,-3.376498E-02
4.516601562500E-03,5.667220E-06,4.250415E-06,3.394429E-02,3.648425E-02,-2.820369E-02
4.638671875000E-03,-7.084025E-06,0.000000E+00,4.088073E-02,2.371476E-02,-3.350016E-02
4.760742187500E-03,-2.691930E-05,-1.558486E-05,3.955248E-02,3.557215E-02,-3.124916E-02
4.882812500000E-03,-4.250415E-06,2.833610E-06,4.058556E-02,4.469321E-02,-2.595269E-02
5.004882812500E-03,-4.250415E-06,-2.833610E-06,4.619375E-02,2.751521E-02,-2.648234E-02
5.126953125000E-03,4.250415E-06,-3.542013E-05,4.766959E-02,4.119680E-02,-2.303963E-02
5.249023437500E-03,2.833610E-06,2.125208E-05,5.121160E-02,4.682146E-02,-2.423134E-02
5.371093750000E-03,1.416805E-06,9.917635E-06,5.401570E-02,2.645108E-02,-2.582028E-02
5.493164062500E-03,2.550249E-05,9.917635E-06,4.840751E-02,4.651742E-02,-2.065622E-02
5.615234375000E-03,-1.416805E-06,2.833610E-06,4.885026E-02,4.910172E-02,-1.906728E-02
5.737304687500E-03,9.917635E-06,-9.917635E-06,5.372053E-02,2.705915E-02,-2.330446E-02
5.859375000000E-03,-7.084025E-06,1.700166E-05,5.298261E-02,4.180487E-02,-1.694870E-02
5.981445312500E-03,9.917635E-06,2.550249E-05,5.932871E-02,4.469321E-02,-1.046052E-02
6.103515625000E-03,-1.133444E-05,2.550249E-05,5.932871E-02,3.435601E-02,-1.310876E-02
6.225585937500E-03,-1.700166E-05,3.258651E-05,5.386811E-02,3.633223E-02,-9.136407E-03
6.347656250000E-03,-2.408569E-05,-1.133444E-05,5.814804E-02,5.031786E-02,-1.257911E-02
6.469726562500E-03,-2.125208E-05,2.125208E-05,5.814804E-02,4.058873E-02,-2.078864E-02
6.591796875000E-03,1.700166E-05,1.700166E-05,6.154247E-02,4.940576E-02,-1.257911E-02
6.713867187500E-03,7.084025E-06,-1.416805E-06,6.552724E-02,5.594252E-02,-1.218188E-02
6.835937500000E-03,2.125208E-05,1.133444E-05,6.390382E-02,4.150084E-02,-9.003995E-03
6.958007812500E-03,-7.084025E-06,1.416805E-06,6.198522E-02,5.275015E-02,-5.428879E-03
7.080078125000E-03,3.967054E-05,3.116971E-05,6.301831E-02,4.742953E-02,-6.752996E-03
7.202148437500E-03,2.125208E-05,0.000000E+00,6.567482E-02,3.602820E-02,-8.474348E-03
7.324218750000E-03,1.700166E-05,0.000000E+00,7.187334E-02,5.122997E-02,-9.401230E-03
7.446289062500E-03,1.416805E-06,-1.416805E-06,7.895737E-02,4.879769E-02,-1.284393E-02
7.568359375000E-03,-1.416805E-06,1.700166E-05,7.408710E-02,4.165285E-02,-7.547466E-03
7.690429687500E-03,0.000000E+00,0.000000E+00,7.556294E-02,4.758155E-02,-1.257911E-02
7.812500000000E-03,-1.700166E-05,1.558486E-05,7.098784E-02,4.910172E-02,-1.350599E-02
7.934570312500E-03,8.500831E-06,8.500831E-06,7.585811E-02,3.618022E-02,-8.209525E-03
8.056640625000E-03,2.833610E-06,8.500831E-06,7.202093E-02,5.259813E-02,-6.620585E-03
8.178710937500E-03,3.542013E-05,1.841847E-05,7.438227E-02,5.381427E-02,-7.679878E-03
8.300781250000E-03,2.691930E-05,-2.833610E-06,7.821945E-02,4.089276E-02,-6.223349E-03
8.422851562500E-03,-1.416805E-05,0.000000E+00,8.249938E-02,5.518243E-02,3.972351E-03
8.544921875000E-03,1.275125E-05,1.133444E-05,8.722206E-02,7.372859E-02,5.958526E-03
8.666992187500E-03,1.558486E-05,3.116971E-05,8.648414E-02,5.548647E-02,1.588940E-03
8.789062500000E-03,9.917635E-06,-2.266888E-05,8.235180E-02,5.153400E-02,-1.324117E-03
8.911132812500E-03,2.266888E-05,-1.416805E-06,8.928824E-02,7.068824E-02,4.104762E-03
9.033203125000E-03,1.416805E-05,7.084025E-06,8.825515E-02,4.606137E-02,4.369586E-03
9.155273437500E-03,-1.133444E-05,1.841847E-05,8.928824E-02,5.913489E-02,-2.780645E-03
9.277343750000E-03,2.550249E-05,3.542013E-05,9.873360E-02,8.102544E-02,3.442704E-03
9.399414062500E-03,1.558486E-05,-4.250415E-06,9.991428E-02,5.442234E-02,1.588940E-03
9.521484375000E-03,-2.975291E-05,-9.917635E-06,9.386334E-02,5.959095E-02,-2.648234E-03
9.643554687500E-03,-5.667220E-06,2.833610E-06,9.312542E-02,7.813711E-02,3.972351E-03
9.765625000000E-03,2.833610E-06,2.975291E-05,9.991428E-02,5.746270E-02,5.031644E-03
9.887695312500E-03,9.917635E-06,4.250415E-06,1.003570E-01,6.506358E-02,5.296468E-04
1.000976562500E-02,-4.250415E-06,-3.258651E-05,1.003570E-01,7.616088E-02,1.046052E-02
1.013183593750E-02,1.983527E-05,1.983527E-05,1.007998E-01,6.141516E-02,1.059294E-02
1.025390625000E-02,3.116971E-05,1.133444E-05,1.003570E-01,6.126314E-02,1.337358E-02
1.037597656250E-02,2.833610E-06,2.833610E-06,1.028660E-01,7.296851E-02,1.562458E-02
1.049804687500E-02,2.266888E-05,2.833610E-06,1.108355E-01,5.852682E-02,9.533642E-03
1.062011718750E-02,1.275125E-05,-7.084025E-06,1.108355E-01,6.506358E-02,1.231429E-02
1.074218750000E-02,-2.266888E-05,5.808901E-05,1.102451E-01,7.600886E-02,1.191705E-02
1.086425781250E-02,-9.917635E-06,-3.542013E-05,1.108355E-01,6.536762E-02,1.403564E-02
1.098632812500E-02,1.983527E-05,-7.084025E-06,1.061128E-01,5.974296E-02,1.456529E-02
1.110839843750E-02,-5.242179E-05,-8.500831E-06,1.061128E-01,7.935325E-02,1.204946E-02
1.123046875000E-02,8.500831E-06,2.550249E-05,1.098024E-01,7.479272E-02,1.641905E-02
1.135253906250E-02,2.550249E-05,-9.917635E-06,1.106879E-01,6.855999E-02,1.602181E-02
1.147460937500E-02,-1.416805E-05,-1.558486E-05,1.158533E-01,7.889719E-02,9.003995E-03
1.159667968750E-02,0.000000E+00,1.416805E-05,1.180671E-01,7.692096E-02,1.496252E-02
1.171875000000E-02,-1.983527E-05,-1.558486E-05,1.202808E-01,8.193755E-02,1.615423E-02
1.184082031250E-02,1.700166E-05,-5.100498E-05,1.149678E-01,8.178553E-02,1.734593E-02
1.196289062500E-02,-2.550249E-05,-5.808901E-05,1.186574E-01,6.992815E-02,2.608510E-02
1.208496093750E-02,-1.558486E-05,7.084025E-06,1.148202E-01,7.920123E-02,2.145069E-02
1.220703125000E-02,3.258651E-05,-2.550249E-05,1.158533E-01,8.087342E-02,3.085192E-02
1.232910156250E-02,7.084025E-06,-3.683693E-05,1.278076E-01,7.342456E-02,2.277481E-02
1.245117187500E-02,-1.700166E-05,-3.683693E-05,1.300214E-01,6.916806E-02,1.986175E-02
1.257324218750E-02,-4.250415E-05,-3.967054E-05,1.275125E-01,8.634606E-02,2.595269E-02
1.269531250000E-02,2.691930E-05,9.917635E-06,1.340061E-01,7.616088E-02,2.184793E-02
1.281738281250E-02,4.108735E-05,5.667220E-06,1.232325E-01,8.041737E-02,3.217604E-02
1.293945312500E-02,1.416805E-05,-2.833610E-06,1.202808E-01,9.227476E-02,3.244086E-02
1.306152343750E-02,5.667220E-06,-6.375623E-05,1.286931E-01,7.828912E-02,3.098433E-02
1.318359375000E-02,-3.400332E-05,2.833610E-06,1.326779E-01,8.680212E-02,2.356928E-02
1.330566406250E-02,1.700166E-05,-1.416805E-05,1.350392E-01,1.076285E-01,2.608510E-02
1.342773437500E-02,5.667220E-06,-9.917635E-06,1.245608E-01,8.817028E-02,2.926298E-02
