0.000000000000E+00,4.250415E-06,-1.416805E-05,1.213139E-01,-3.040354E-03,4.329862E-02
1.220703125000E-04,2.266888E-05,3.116971E-05,1.322351E-01,-2.888337E-03,4.329862E-02
2.441406250000E-04,4.250415E-06,-4.250415E-06,1.276600E-01,-2.736319E-03,4.541721E-02
3.662109375000E-04,1.416805E-06,1.983527E-05,1.255939E-01,1.216142E-03,3.972351E-02
4.882812500000E-04,-2.550249E-05,-8.500831E-06,1.241180E-01,-1.124931E-02,4.687374E-02
6.103515625000E-04,1.700166E-05,9.917635E-06,1.140823E-01,-1.352958E-02,4.607927E-02
7.324218750000E-04,1.416805E-06,1.700166E-05,1.251511E-01,-1.109729E-02,3.932627E-02
8.544921875000E-04,-1.133444E-05,9.917635E-06,1.309069E-01,-1.398563E-02,4.157727E-02
9.765625000000E-04,1.416805E-05,2.691930E-05,1.162961E-01,-3.648425E-03,3.694286E-02
1.098632812500E-03,3.400332E-05,1.558486E-05,1.170340E-01,-2.736319E-03,3.482427E-02
1.220703125000E-03,1.558486E-05,1.416805E-05,1.208712E-01,-1.140133E-02,3.363257E-02
1.342773437500E-03,2.408569E-05,-5.667220E-06,1.124589E-01,-4.560532E-04,3.111675E-02
1.464843750000E-03,5.667220E-06,-9.917635E-06,1.158533E-01,-3.496408E-03,3.151398E-02
1.586914062500E-03,5.667220E-06,2.833610E-06,1.322351E-01,-2.584301E-03,3.508910E-02
1.708984375000E-03,2.833610E-06,5.667220E-06,1.170340E-01,-5.472638E-03,3.508910E-02
1.831054687500E-03,-3.258651E-05,1.416805E-06,1.068507E-01,-5.928691E-03,3.879663E-02
1.953125000000E-03,3.400332E-05,-1.275125E-05,1.193953E-01,-7.600886E-04,3.575116E-02
2.075195312500E-03,2.833610E-05,-1.416805E-06,1.186574E-01,6.080709E-04,3.058710E-02
2.197265625000E-03,-1.416805E-06,-3.258651E-05,1.143775E-01,4.560532E-03,3.257328E-02
2.319335937500E-03,-1.700166E-05,-1.841847E-05,1.238229E-01,-5.776673E-03,3.376498E-02
2.441406250000E-03,1.983527E-05,7.084025E-06,1.236753E-01,2.432283E-03,3.098433E-02
2.563476562500E-03,1.133444E-05,-2.266888E-05,1.142299E-01,-7.144833E-03,3.164639E-02
2.685546875000E-03,1.275125E-05,1.275125E-05,1.123113E-01,-4.256496E-03,3.257328E-02
2.807617187500E-03,1.558486E-05,-1.416805E-06,1.134920E-01,6.080709E-04,3.350016E-02
2.929687500000E-03,3.967054E-05,2.266888E-05,1.276600E-01,-7.904922E-03,3.601598E-02
3.051757812500E-03,2.408569E-05,-2.833610E-06,1.220519E-01,-1.976230E-03,3.800216E-02
3.173828125000E-03,-7.084025E-06,-1.133444E-05,1.102451E-01,1.003317E-02,3.588357E-02
3.295898437500E-03,-8.500831E-06,4.392096E-05,1.137872E-01,-1.170536E-02,3.906145E-02
3.417968750000E-03,8.500831E-06,1.558486E-05,1.100976E-01,1.428967E-02,3.402980E-02
3.540039062500E-03,2.975291E-05,2.975291E-05,1.043418E-01,-3.040354E-04,3.813457E-02
3.662109375000E-03,-2.266888E-05,1.275125E-05,1.106879E-01,7.296850E-03,3.588357E-02
3.784179687500E-03,1.700166E-05,-2.833610E-06,1.127541E-01,-3.040354E-03,4.012074E-02
3.906250000000E-03,4.250415E-05,8.500831E-06,1.074411E-01,1.292151E-02,3.508910E-02
4.028320312500E-03,-2.833610E-06,-2.833610E-06,1.078838E-01,1.702598E-02,2.913057E-02
4.150390625000E-03,2.550249E-05,-9.917635E-06,1.075886E-01,3.344390E-03,3.654563E-02
4.272460937500E-03,-1.416805E-06,-1.700166E-05,1.124589E-01,2.629906E-02,4.025315E-02
4.394531250000E-03,0.000000E+00,2.550249E-05,9.740535E-02,1.064124E-03,4.435791E-02
4.516601562500E-03,2.550249E-05,3.825374E-05,9.445368E-02,1.504975E-02,3.826698E-02
4.638671875000E-03,3.258651E-05,8.500831E-06,1.044894E-01,5.776673E-03,2.913057E-02
4.760742187500E-03,-5.667220E-06,9.917635E-06,9.430609E-02,1.398563E-02,3.376498E-02
4.882812500000E-03,2.833610E-06,2.550249E-05,1.061128E-01,7.296850E-03,3.111675E-02
5.004882812500E-03,2.833610E-06,1.416805E-06,1.145251E-01,-9.121063E-04,3.032228E-02
5.126953125000E-03,3.542013E-05,1.275125E-05,1.109831E-01,2.736319E-03,2.661475E-02
5.249023437500E-03,1.416805E-05,-2.833610E-05,9.164958E-02,-9.577116E-03,2.687957E-02
5.371093750000E-03,0.000000E+00,-1.700166E-05,1.081790E-01,-1.520177E-03,3.588357E-02
5.493164062500E-03,8.500831E-06,2.833610E-05,1.120162E-01,1.656993E-02,3.085192E-02
5.615234375000E-03,1.416805E-05,8.500831E-06,1.185098E-01,1.140133E-02,3.561874E-02
5.737304687500E-03,-9.917635E-06,2.550249E-05,1.024232E-01,3.329188E-02,3.601598E-02
5.859375000000E-03,1.700166E-05,8.500831E-06,1.081790E-01,1.048922E-02,2.793887E-02
5.981445312500E-03,0.000000E+00,2.691930E-05,9.666743E-02,1.869818E-02,2.807128E-02
6.103515625000E-03,-4.250415E-05,-1.275125E-05,6.921683E-02,-2.128248E-03,2.502581E-02
6.225585937500E-03,1.700166E-05,-2.833610E-06,8.220422E-02,-1.337756E-02,2.873334E-02
6.347656250000E-03,2.125208E-05,2.125208E-05,8.397522E-02,-9.121063E-04,2.780646E-02
6.469726562500E-03,-1.841847E-05,-2.125208E-05,9.401092E-02,8.817027E-03,3.323533E-02
6.591796875000E-03,-7.084025E-06,-2.266888E-05,9.799568E-02,1.885020E-02,3.932627E-02
6.713867187500E-03,-2.833610E-06,-1.700166E-05,1.021280E-01,7.144833E-03,3.919386E-02
6.835937500000E-03,8.500831E-06,-8.500831E-06,1.235277E-01,3.237977E-02,3.429463E-02
6.958007812500E-03,2.833610E-06,-5.667220E-06,9.637226E-02,1.824213E-03,2.767404E-02
7.080078125000E-03,4.250415E-06,0.000000E+00,9.474884E-02,1.094528E-02,2.396652E-02
7.202148437500E-03,1.558486E-05,2.833610E-06,8.692690E-02,1.368159E-02,1.747834E-02
7.324218750000E-03,1.841847E-05,-2.125208E-05,6.715066E-02,4.408514E-03,2.502581E-02
7.446289062500E-03,2.550249E-05,-1.275125E-05,7.630086E-02,1.565783E-02,2.926298E-02
7.568359375000E-03,8.500831E-06,-1.416805E-06,8.072837E-02,1.003317E-02,3.998833E-02
7.690429687500E-03,-1.133444E-05,-3.400332E-05,1.005046E-01,1.368159E-02,3.071951E-02
7.812500000000E-03,-3.258651E-05,-3.542013E-05,9.238750E-02,4.408514E-03,2.727681E-02
7.934570312500E-03,-3.116971E-05,-1.416805E-06,1.006522E-01,0.000000E+00,3.005745E-02
8.056640625000E-03,-9.917635E-06,1.558486E-05,9.548676E-02,1.976230E-02,1.880246E-02
8.178710937500E-03,-3.258651E-05,4.250415E-06,1.170340E-01,3.192372E-03,3.270569E-02
8.300781250000E-03,7.084025E-06,1.558486E-05,8.176146E-02,1.398563E-02,2.966022E-02
8.422851562500E-03,-8.500831E-06,-3.258651E-05,1.041942E-01,6.080708E-03,3.151398E-02
8.544921875000E-03,-2.833610E-06,-1.983527E-05,5.785288E-02,1.854616E-02,3.230845E-02
8.666992187500E-03,2.125208E-05,-2.266888E-05,7.689119E-02,1.961029E-02,2.820369E-02
8.789062500000E-03,8.500831E-06,2.833610E-05,6.552724E-02,2.477889E-02,3.800216E-02
8.911132812500E-03,8.500831E-06,1.416805E-05,6.951200E-02,3.389995E-02,3.230845E-02
9.033203125000E-03,4.250415E-06,-1.133444E-05,7.718636E-02,5.776673E-03,2.687957E-02
9.155273437500E-03,-1.133444E-05,0.000000E+00,7.010233E-02,1.231343E-02,2.436375E-02
9.277343750000E-03,-1.133444E-05,-2.550249E-05,9.578193E-02,1.413765E-02,2.012658E-02
9.399414062500E-03,9.917635E-06,2.125208E-05,1.025708E-01,3.040354E-03,2.145069E-02
9.521484375000E-03,-1.700166E-05,-3.116971E-05,1.089169E-01,2.006634E-02,3.297051E-02
9.643554687500E-03,-1.983527E-05,-2.408569E-05,7.674361E-02,1.124931E-02,3.270569E-02
9.765625000000E-03,-9.917635E-06,-5.667220E-06,6.995475E-02,3.724434E-02,2.370169E-02
9.887695312500E-03,5.667220E-06,-4.533776E-05,5.549153E-02,1.945827E-02,2.436375E-02
1.000976562500E-02,-7.084025E-06,-4.958818E-05,7.438227E-02,1.824213E-02,2.568787E-02
1.013183593750E-02,-1.983527E-05,-4.675457E-05,8.707448E-02,3.663627E-02,2.383410E-02
1.025390625000E-02,-3.400332E-05,-2.550249E-05,7.497261E-02,2.888337E-03,2.131828E-02
1.037597656250E-02,-4.108735E-05,-7.934108E-05,1.105403E-01,1.687397E-02,2.807128E-02
1.049804687500E-02,2.833610E-06,-4.675457E-05,7.777670E-02,3.952461E-03,2.674716E-02
1.062011718750E-02,-1.416805E-06,-2.408569E-05,8.692690E-02,3.496408E-03,3.297051E-02
1.074218750000E-02,2.125208E-05,-2.691930E-05,6.360865E-02,8.056939E-03,3.058710E-02
1.086425781250E-02,3.258651E-05,-3.258651E-05,7.999045E-02,2.645108E-02,2.952781E-02
1.098632812500E-02,-2.833610E-05,-5.242179E-05,7.762911E-02,2.751521E-02,3.071951E-02
1.110839843750E-02,-1.416805E-06,-2.550249E-05,7.467744E-02,2.994749E-02,1.853764E-02
1.123046875000E-02,8.500831E-06,-4.250415E-05,6.272314E-02,2.508292E-02,2.820369E-02
1.135253906250E-02,-1.841847E-05,-2.691930E-05,4.988335E-02,1.945827E-02,1.628664E-02
1.147460937500E-02,-4.250415E-06,-7.084025E-06,5.977147E-02,1.064124E-02,1.747834E-02
1.159667968750E-02,-1.558486E-05,-4.817137E-05,7.940012E-02,1.809011E-02,1.933211E-02
1.171875000000E-02,-1.700166E-05,-1.416805E-05,7.452985E-02,9.121063E-03,2.502581E-02
1.184082031250E-02,-8.500831E-06,-2.691930E-05,7.866220E-02,2.128248E-03,2.476099E-02
1.196289062500E-02,-1.416805E-05,-3.400332E-05,9.474884E-02,3.359592E-02,2.039140E-02
1.208496093750E-02,5.667220E-06,-1.700166E-05,7.615327E-02,2.447485E-02,2.462857E-02
1.220703125000E-02,1.983527E-05,-5.667220E-06,7.187334E-02,3.633223E-02,2.476099E-02
1.232910156250E-02,4.250415E-06,-5.667220E-06,6.729824E-02,3.724434E-02,1.774317E-02
1.245117187500E-02,-2.550249E-05,-3.400332E-05,7.541536E-02,2.888337E-02,1.165223E-02
1.257324218750E-02,1.841847E-05,7.084025E-06,7.069267E-02,3.131565E-02,1.721352E-02
1.269531250000E-02,5.667220E-05,0.000000E+00,6.508449E-02,1.809011E-02,2.025899E-02
1.281738281250E-02,2.125208E-05,-3.116971E-05,9.135441E-02,4.210891E-02,2.568787E-02
1.293945312500E-02,-2.833610E-06,-2.833610E-06,5.563912E-02,2.842731E-02,2.370169E-02
1.306152343750E-02,-1.841847E-05,-2.550249E-05,6.729824E-02,3.648425E-02,2.462857E-02
1.318359375000E-02,1.700166E-05,-5.667220E-06,7.880978E-02,3.754837E-02,2.992504E-02
1.330566406250E-02,-1.841847E-05,-5.242179E-05,6.449415E-02,1.368159E-02,1.999417E-02
1.342773437500E-02,-3.542013E-05,-3.116971E-05,6.729824E-02,4.347707E-02,1.615423E-02
