0.000000000000E+00,-2.266888E-05,-2.975291E-05,-3.601046E-02,1.276949E-02,-1.747834E-02
1.220703125000E-04,-3.542013E-05,-2.408569E-05,-3.822422E-02,7.144833E-03,-1.549217E-02
2.441406250000E-04,2.833610E-06,-1.983527E-05,-3.187811E-02,5.320620E-03,-1.483011E-02
3.662109375000E-04,-1.416805E-05,5.667220E-06,-2.435134E-02,4.712549E-03,-1.549217E-02
4.882812500000E-04,-2.266888E-05,5.242179E-05,-2.199000E-02,6.840797E-03,-2.131828E-02
6.103515625000E-04,-8.500831E-06,-8.500831E-06,-2.523684E-02,9.273081E-03,-1.641905E-02
7.324218750000E-04,-1.558486E-05,-1.275125E-05,-3.232087E-02,6.688780E-03,-1.814040E-02
8.544921875000E-04,1.558486E-05,-1.700166E-05,-2.981194E-02,6.688780E-03,-1.628664E-02
9.765625000000E-04,-1.416805E-05,-2.975291E-05,-2.420375E-02,1.292151E-02,-1.496252E-02
1.098632812500E-03,-5.808901E-05,-1.275125E-05,-2.272792E-02,7.904922E-03,-2.277481E-02
1.220703125000E-03,-1.558486E-05,0.000000E+00,-2.804093E-02,1.276949E-02,-1.443287E-02
1.342773437500E-03,-2.833610E-06,-1.416805E-06,-2.095691E-02,9.425098E-03,-1.535976E-02
1.464843750000E-03,-2.691930E-05,-1.416805E-05,-2.110449E-02,9.273081E-03,-1.681628E-02
1.586914062500E-03,1.841847E-05,1.416805E-06,-3.025469E-02,1.565783E-02,-1.310876E-02
1.708984375000E-03,2.550249E-05,1.841847E-05,-3.409187E-02,1.200940E-02,-1.946452E-02
1.831054687500E-03,-8.500831E-06,1.841847E-05,-3.202570E-02,6.232726E-03,-1.681628E-02
1.953125000000E-03,-2.833610E-06,0.000000E+00,-2.966436E-02,9.577116E-03,-1.125499E-02
2.075195312500E-03,-7.084025E-06,7.084025E-06,-2.700785E-02,8.665010E-03,-1.456529E-02
2.197265625000E-03,5.667220E-06,1.983527E-05,-2.597476E-02,1.246545E-02,-1.138740E-02
2.319335937500E-03,-2.833610E-06,0.000000E+00,-2.745060E-02,5.624656E-03,-1.284393E-02
2.441406250000E-03,7.084025E-06,1.133444E-05,-2.612234E-02,9.881152E-03,-1.430046E-02
2.563476562500E-03,2.125208E-05,-1.841847E-05,-2.272792E-02,9.121063E-03,-1.933211E-02
2.685546875000E-03,1.416805E-05,8.500831E-06,-2.538442E-02,1.094528E-02,-9.930877E-03
2.807617187500E-03,1.416805E-06,2.550249E-05,-2.523684E-02,1.504975E-02,-5.031644E-03
2.929687500000E-03,5.667220E-06,-1.416805E-05,-2.745060E-02,1.444168E-02,-8.209525E-03
3.051757812500E-03,-2.833610E-06,1.700166E-05,-2.523684E-02,1.444168E-02,-1.085776E-02
3.173828125000E-03,3.116971E-05,1.416805E-06,-2.523684E-02,8.817027E-03,-8.474348E-03
3.295898437500E-03,-9.917635E-06,0.000000E+00,-2.125208E-02,8.817027E-03,-6.355761E-03
3.417968750000E-03,2.266888E-05,1.133444E-05,-2.420375E-02,7.904922E-03,-1.099017E-02
3.540039062500E-03,1.416805E-06,1.983527E-05,-2.907402E-02,1.322554E-02,-7.547466E-03
3.662109375000E-03,-2.266888E-05,1.700166E-05,-2.317067E-02,1.535379E-02,-1.721352E-03
3.784179687500E-03,2.833610E-05,-4.675457E-05,-2.213758E-02,1.231343E-02,-7.812290E-03
3.906250000000E-03,-9.917635E-06,-1.416805E-05,-2.626993E-02,8.969045E-03,-7.679878E-03
4.028320312500E-03,1.700166E-05,-2.125208E-05,-2.833610E-02,9.881152E-03,-8.474348E-03
4.150390625000E-03,-2.833610E-06,2.833610E-06,-2.818852E-02,8.512992E-03,-8.871583E-03
4.272460937500E-03,1.841847E-05,-1.275125E-05,-2.789335E-02,8.969045E-03,-1.390323E-02
4.394531250000E-03,2.125208E-05,7.084025E-06,-2.272792E-02,9.577116E-03,-1.377082E-02
4.516601562500E-03,1.416805E-05,-1.700166E-05,-2.390859E-02,4.256496E-03,-1.151982E-02
4.638671875000E-03,1.416805E-06,-2.833610E-06,-2.095691E-02,1.185738E-02,-2.436375E-02
4.760742187500E-03,7.084025E-06,2.408569E-05,-2.700785E-02,6.536762E-03,-1.668387E-02
4.882812500000E-03,1.275125E-05,-9.917635E-06,-2.745060E-02,2.888337E-03,-1.906728E-02
5.004882812500E-03,7.084025E-06,1.133444E-05,-2.494167E-02,6.384744E-03,-1.430046E-02
5.126953125000E-03,-4.250415E-06,1.416805E-06,-2.612234E-02,8.817027E-03,-1.430046E-02
5.249023437500E-03,-2.408569E-05,-1.416805E-05,-2.258033E-02,1.292151E-02,-1.416805E-02
5.371093750000E-03,-2.125208E-05,-1.416805E-06,-2.789335E-02,1.383361E-02,-1.151982E-02
5.493164062500E-03,-4.817137E-05,-2.975291E-05,-2.449892E-02,1.656993E-02,-7.812290E-03
5.615234375000E-03,-3.967054E-05,-4.250415E-06,-2.390859E-02,7.296850E-03,-8.606760E-03
5.737304687500E-03,-3.258651E-05,-2.125208E-05,-2.317067E-02,7.904922E-03,-1.588940E-02
5.859375000000E-03,9.917635E-06,7.084025E-06,-1.490597E-02,1.520177E-02,-1.403564E-02
5.981445312500E-03,-7.084025E-06,-3.683693E-05,-1.416805E-02,6.232726E-03,-1.046052E-02
6.103515625000E-03,-8.500831E-06,-1.133444E-05,-1.697215E-02,1.079326E-02,-1.178464E-02
6.225585937500E-03,-1.416805E-05,7.084025E-06,-2.199000E-02,1.033720E-02,-1.019570E-02
6.347656250000E-03,-9.917635E-06,-1.558486E-05,-1.830040E-02,8.056939E-03,-1.615423E-02
6.469726562500E-03,-1.133444E-05,-8.500831E-06,-2.641751E-02,8.512992E-03,-1.694870E-02
6.591796875000E-03,-2.833610E-06,9.917635E-06,-2.435134E-02,1.307352E-02,-1.469770E-02
6.713867187500E-03,2.125208E-05,-2.833610E-06,-2.464651E-02,1.839414E-02,-1.403564E-02
6.835937500000E-03,-1.700166E-05,-2.975291E-05,-3.128778E-02,1.276949E-02,-1.085776E-02
6.958007812500E-03,-4.250415E-06,-1.558486E-05,-2.199000E-02,7.448868E-03,-1.019570E-02
7.080078125000E-03,-5.667220E-06,-5.808901E-05,-2.449892E-02,8.969045E-03,-1.430046E-02
7.202148437500E-03,-4.250415E-06,-4.533776E-05,-3.010711E-02,8.665010E-03,-5.826114E-03
7.324218750000E-03,1.416805E-05,-4.533776E-05,-2.376100E-02,1.064124E-02,-8.209525E-03
7.446289062500E-03,-5.667220E-06,-6.800664E-05,-2.302308E-02,7.752904E-03,-1.019570E-02
7.568359375000E-03,-1.416805E-05,-2.408569E-05,-1.741490E-02,3.344390E-03,-5.561291E-03
7.690429687500E-03,-1.416805E-05,-5.950581E-05,-1.564389E-02,1.216142E-02,-8.606760E-03
7.812500000000E-03,-2.125208E-05,5.667220E-06,-1.859557E-02,1.611388E-02,-7.017820E-03
7.934570312500E-03,-3.400332E-05,-4.250415E-05,-2.007141E-02,5.320620E-03,-1.085776E-02
8.056640625000E-03,-9.917635E-06,-2.975291E-05,-2.213758E-02,8.208957E-03,-1.377082E-02
8.178710937500E-03,-2.833610E-06,2.266888E-05,-2.287550E-02,1.155335E-02,-1.575699E-02
8.300781250000E-03,1.416805E-06,-3.542013E-05,-2.420375E-02,1.200940E-02,-1.138740E-02
8.422851562500E-03,-1.558486E-05,-3.400332E-05,-2.479409E-02,9.577116E-03,-1.244670E-02
8.544921875000E-03,-9.917635E-06,-1.700166E-05,-2.213758E-02,1.672195E-02,-1.522734E-02
8.666992187500E-03,1.275125E-05,-1.275125E-05,-1.948107E-02,1.109729E-02,-1.509493E-02
8.789062500000E-03,-2.833610E-05,-4.108735E-05,-2.376100E-02,3.648425E-03,-1.231429E-02
8.911132812500E-03,1.416805E-06,-1.983527E-05,-2.066174E-02,9.425098E-03,-9.798465E-03
9.033203125000E-03,2.266888E-05,-2.833610E-05,-1.505355E-02,5.320620E-03,-9.533642E-03
9.155273437500E-03,-1.416805E-06,-1.558486E-05,-1.593906E-02,1.170536E-02,-1.006329E-02
9.277343750000E-03,3.400332E-05,8.500831E-06,-2.007141E-02,9.425098E-03,-9.268818E-03
9.399414062500E-03,4.675457E-05,8.500831E-06,-2.287550E-02,9.729134E-03,-8.077113E-03
9.521484375000E-03,5.667220E-06,-3.400332E-05,-2.449892E-02,1.626590E-02,-9.666054E-03
9.643554687500E-03,1.275125E-05,-1.275125E-05,-2.213758E-02,1.337756E-02,-1.231429E-02
9.765625000000E-03,3.825374E-05,-3.825374E-05,-2.302308E-02,1.185738E-02,-1.046052E-02
9.887695312500E-03,8.500831E-06,-3.825374E-05,-2.818852E-02,1.565783E-02,-8.077113E-03
1.000976562500E-02,1.841847E-05,-3.825374E-05,-2.494167E-02,1.064124E-02,-6.223349E-03
1.013183593750E-02,2.833610E-06,-3.116971E-05,-2.479409E-02,1.368159E-02,-7.017820E-03
1.025390625000E-02,2.833610E-06,-3.400332E-05,-2.243275E-02,1.824213E-02,-9.401230E-03
1.037597656250E-02,1.700166E-05,2.833610E-06,-2.317067E-02,7.752904E-03,-9.533642E-03
1.049804687500E-02,3.542013E-05,2.975291E-05,-2.361342E-02,8.056939E-03,-3.045469E-03
1.062011718750E-02,2.833610E-06,-2.691930E-05,-1.992382E-02,2.736319E-03,-1.721352E-02
1.074218750000E-02,1.416805E-06,-2.266888E-05,-1.830040E-02,4.560532E-03,-1.853764E-02
1.086425781250E-02,-8.500831E-06,-4.958818E-05,-2.243275E-02,4.560532E-04,-1.443287E-02
1.098632812500E-02,-8.500831E-06,-8.500831E-06,-2.036657E-02,9.121063E-04,-1.403564E-02
1.110839843750E-02,1.133444E-05,3.542013E-05,-1.962865E-02,8.360974E-03,-1.072535E-02
1.123046875000E-02,-3.400332E-05,1.700166E-05,-1.903832E-02,1.094528E-02,-1.112258E-02
1.135253906250E-02,1.133444E-05,-2.833610E-06,-1.933349E-02,1.033720E-02,-1.125499E-02
1.147460937500E-02,9.917635E-06,-3.400332E-05,-2.833610E-02,1.216142E-02,-1.443287E-02
1.159667968750E-02,1.133444E-05,1.416805E-05,-3.054986E-02,4.256496E-03,-8.606760E-03
1.171875000000E-02,-1.416805E-06,-2.975291E-05,-3.497738E-02,9.121063E-03,-1.814040E-02
1.184082031250E-02,1.558486E-05,-1.700166E-05,-3.601046E-02,1.292151E-02,-1.099017E-02
1.196289062500E-02,5.667220E-06,-7.084025E-06,-2.892644E-02,1.170536E-02,-7.812290E-03
1.208496093750E-02,-1.558486E-05,2.125208E-05,-3.040228E-02,1.261747E-02,-1.761075E-02
1.220703125000E-02,-7.084025E-06,3.542013E-05,-2.494167E-02,1.504975E-02,-1.390323E-02
1.232910156250E-02,2.833610E-06,0.000000E+00,-2.317067E-02,1.185738E-02,-1.681628E-02
1.245117187500E-02,-3.258651E-05,2.408569E-05,-1.948107E-02,1.337756E-02,-1.588940E-02
1.257324218750E-02,2.125208E-05,8.500831E-06,-1.283980E-02,1.489774E-02,-1.919970E-02
1.269531250000E-02,0.000000E+00,-4.250415E-06,-1.549631E-02,1.185738E-02,-1.191705E-02
1.281738281250E-02,-1.841847E-05,1.416805E-06,-1.844798E-02,1.626590E-02,-1.072535E-02
1.293945312500E-02,2.975291E-05,4.250415E-06,-2.007141E-02,1.459370E-02,-1.416805E-02
1.306152343750E-02,1.700166E-05,-1.416805E-05,-2.169483E-02,1.307352E-02,-1.588940E-02
1.318359375000E-02,-2.833610E-06,-1.983527E-05,-1.889073E-02,1.003317E-02,-1.628664E-02
1.330566406250E-02,-4.250415E-06,8.500831E-06,-2.479409E-02,1.322554E-02,-1.933211E-02
1.342773437500E-02,1.275125E-05,2.691930E-05,-2.626993E-02,1.292151E-02,-2.105346E-02
